100 	0 	0.000000
1000 	0 	19997784389573632.000000
10000 	0 	2566569729007730602845206366846345651445543286366469565661864466210375398716013208489465017267495678471428437060312814317463451692367733235527519016747638233627502021316168693440103772109405753916018290422028732339993420809420833147025599335661843901082574132916931389306435534848.000000
20000 	0 	0.000000
40000 	0 	-24433116566041215518329264359686670271827110051823556086073927311454022494751329912800690604615972010055005072213567157996805444367221970649878203000244123822675231262647649728217911171082986414973414508168577031433933847973681168384.000000
80000 	0 	58368261555048421549467193992800056834034648055914291681559264554081984471673444761600.000000
160000 	0 	0.000000
320000 	0 	-308239337706898470325630408815198292380482399521637662834962862893815709159807897362417569871486559775906089748403018878849553565750344648549911451908728447565824.000000
640000 	0 	-104366810243235206897057452171519180847454696751686351540293671782131871537785236141826811033297296157636862326900606769214868614426868696823857488695310416885196349505536.000000
100 	548 	5

1000 	5696 	5

10000 	37417 	3

100 	564 	5

1000 	5535 	5

10000 	38171 	3

20000 	65512 	3

40000 	125262 	3

80000 	251073 	3

160000 	504527 	3

320000 	1005984 	3

640000 	2064318 	3

100 	564 	5
1000 	6205 	6
10000 	37970 	3
20000 	63830 	3
40000 	126924 	3
80000 	251280 	3
160000 	501490 	3
320000 	1035266 	3
640000 	2064332 	3
